6 19
2 1 0 2 0 2 2 0 1 0 1 1 1 0 0 2 0 0 1 2 0 1 0 2 0 0 2 1 1 1 1 0 2 1 2 0 1 2 1 0 0 2 1 1 0 1 2 1 2 0 1 2 2 2 1 2 0
8 8
2 2 2 2 0 0 0 0 2 2 2 2 0 0 0 0 2 2 2 2 0 0 0 0 2 2 2 2 0 1 0 0
3 3
2 1 2 0 1
5 3
1 0 2 1 0 2 0 0
20 10
2 2 2 2 2 0 0 0 0 0 2 2 2 2 2 0 0 0 0 0 2 2 2 2 2 0 0 0 0 0 2 2 2 2 2 0 0 0 0 0 2 2 2 2 2 0 0 0 0 0 2 2 2 2 2 0 0 0 0 0 2 2 2 2 2 0 0 0 0 0 2 2 2 2 2 0 0 0 0 0 2 2 2 2 2 0 0 0 0 0 2 2 2 2 2 0 1 0 0 0 
12 7
2 1 2 2 1 1 1 2 1 0 2 0 2 0 2 0 1 2 2 0 0 0 0 2 0 2 2 2 2 1 0 0 0 2 2 2 0 1 0 0 0 2
10 5
0 0 0 2 2 0 2 1 2 2 1 0 2 1 2 0 2 1 2 1 2 2 1 1 2
12 7
1 1 0 2 1 0 0 1 0 2 0 2 2 1 1 2 0 2 2 0 0 2 1 0 2 2 1 2 2 1 1 2 0 0 2 2 1 2 1 2 2 2
4 19
2 0 1 2 2 2 2 1 2 1 2 1 1 1 0 2 2 0 0 1 1 2 2 2 0 0 1 1 1 0 0 0 0 2 0 2 2 1
8 8
2 2 2 2 0 0 0 0 2 2 2 2 0 0 0 0 2 2 2
0 0
